6
lt0998c:renault:bleu:semi-auto:kaiboy:326
ce300mu:peugeot:rouge:manuel:bosco:306
ce1230k:mercedes:jaune:manuel:pascal:benz
ou908mm:toyota:grise:auto:paul:corolla
no1212u:citroen::Ndi
es0012u:citroen:noir:semi-auto:John:




lt0998c:2023-02-20;tkc-eyang;500,1000,1000,500
ce300mu:2023-03-03;meec-eyang;500,500,1000,500,1000,500,1000,500
ce1230k:2023-04-10;nkolbisson-eyang;700,500,1000
ou908mm:2023-02-20;tkc-eyang;500,1000,1000,500,500,1000,1000,500
no1212u:2023-04-01;vogt-eyang;500,1000,1000,500,700
es0012u:2023-04-02;nkolbisson-eyang;700,1000
lt0998c:2023-04-01;tkc-eyang;500,1000,1000,500
ce300mu:2023-02-11;poste-eyang;500,500,1000,500,1000,500,1000,500
ce1230k:2023-01-08;nkolbisson-eyang;700,500,1000
ou908mm:2023-04-01;tkc-eyang;500,1000,1000,500,500,1000,1000,500
no1212u:2023-03-15;vogt-eyang;500,1000,1000,500,700
es0012u:2023-01-18;nkolbisson-eyang;700,1000
lt0998c:2023-02-20;tkc-eyang;500,1000,1000,500
ce300mu:2023-04-01;meec-eyang;500,500,1000,500,1000,500,1000,500
ce1230k:2023-04-02;nkolbisson-eyang;700,500,1000
ou908mm:2023-02-01;poste-eyang;500,1000,1000,500,500,1000,1000,500
no1212u:2023-03-21:vogt-eyang;500,1000,1000,500,700
es0012u:2023-03-11;nkolbisson-eyang;700,1000
ou908mm:2023-02-20;tkc-eyang;500,1000,1000,500,500,1000,1000,500
no1212u:2023-04-01;vogt-eyang;500,1000,1000,500,700
es0012u:2023-04-02;nkolbisson-eyang;700,1000
lt0998c:2023-04-01;tkc-eyang;500,1000,1000,500
ce300mu:2023-02-11;meec-eyang;500,500,1000,500,1000,500,1000,500
ce1230k:2023-01-08;nkolbisson-eyang;700,500,1000
ou908mm:2023-04-01;tkc-eyang;500,1000,1000,500,500,1000,1000,500
no1212u:2023-03-15;vogt-eyang;500,1000,1000,500,700
es0012u:2023-01-18;nkolbisson-eyang;700,1000
lt0998c:2023-02-20;tkc-eyang;500,1000,1000,500
ce300mu:2023-04-01;meec-eyang;500,500,1000,500,1000,500,1000,500
ce1230k:2023-04-02;poste-eyang;700,500,1000
ou908mm:2023-02-01;tkc-eyang;500,1000,1000,500,500,1000,1000,500
no1212u:2023-03-21;vogt-eyang;500,1000,1000,500,700
es0012u:2023-03-11;nkolbisson-eyang;700,1300, 650
